4 443 8  2 12 8 496 50
4 730 9  0 9 1 858 50
4 357 3  1 2 0 358 50
4 898 15  0 21 1 876 100
4 637 4  0 11 1 660 100
4 795 19  0 33 1 787 100
4 1408 4  0 3 0 1432 200
5 1701 13  0 16 0 1881 50
5 1933 15  0 2 2 2176 50
5 541 0  0 9 0 541 50
5 1853 18  0 14 0 1870 50
5 1525 32  0 48 0 1524 50
5 1651 29  0 55 1 1650 50
5 3658 48  0 32 0 2563 50
5 2897 71  1 98 0 2715 50
5 2305 49  0 87 1 2214 50
5 848 45  7 46 0 1160 50
5 1177 22  0 47 0 1256 50
5 1721 23  0 37 0 1785 50
5 2861 43  0 9 1 3211 100
5 4015 52  0 53 0 4391 100
5 1650 14  0 36 0 1656 100
5 1345 26  0 38 0 1285 100
5 2299 63  0 25 0 2540 100
5 1586 21  1 28 2 1579 100
5 1015 81  3 32 0 2563 100
5 3202 61  0 101 0 3472 100
5 1312 83  2 33 1 1710 100
5 1942 24  0 26 0 1804 100
5 2474 79  1 61 1 4608 100
5 2799 58  3 113 0 2717 100
5 3397 41  1 54 0 3861 150
5 2990 79  1 0 0 3609 150
5 1970 14  0 9 0 1987 150
5 640 0  0 0 0 640 150
5 2799 55  0 88 0 2689 150
5 1550 21  0 22 0 1454 150
5 1227 45  1 42 0 1390 150
5 714 0  0 1 1 716 150
5 1716 10  0 32 0 1695 150
5 2622 76  1 142 1 2699 150
5 4777 105  1 78 0 3979 150
5 1631 19  0 16 0 1550 150
5 1007 8  0 19 1 988 150
5 3870 15  0 46 0 3900 150
5 1654 10  0 28 0 1642 150
5 1309 13  0 40 0 1338 200
5 2126 19  0 23 1 2197 200
5 1011 9  0 7 2 922 200
5 1215 29  0 50 1 1161 200
5 1453 0  0 8 0 1453 200
5 4207 94  1 74 0 4332 200
5 1458 62  2 33 0 1825 200
5 1238 25  0 39 1 1308 200
5 3940 33  0 65 0 3985 200
5 2298 32  0 56 1 2412 200
5 1537 0  0 1 0 1537 200
5 894 8  0 18 0 885 200
5 5583 50  0 66 1 5668 200
5 3101 46  1 26 0 3561 200
5 674 8  0 19 0 656 250
5 560 0  0 2 2 564 250
5 4176 56  0 51 0 4221 250
5 2226 29  0 41 0 2257 250
5 1294 28  0 49 0 1238 250
5 1345 46  1 29 1 1131 250
5 1334 5  0 7 0 1395 250
5 1077 2  0 7 1 1076 250
5 3626 50  0 73 1 3921 250
5 2589 38  0 40 1 2560 250
5 1069 1  0 5 0 1066 250
5 4386 64  1 33 0 4836 250
5 1994 31  0 39 0 1874 250
5 1813 100  2 45 0 2529 250
5 1802 68  1 43 1 1994 250
5 1002 14  2 22 0 1007 300
5 1141 22  0 22 0 1065 300
5 1020 0  0 4 1 1022 300
5 3273 62  1 83 0 3296 300
5 871 1  0 10 0 868 300
5 2023 16  0 23 0 2042 300
5 1893 19  0 8 0 1862 300
5 930 35  1 39 0 1337 300
5 2575 30  0 38 0 2287 300
5 1992 61  1 103 0 1973 300
5 3000 65  0 112 0 3088 300
5 3301 38  1 25 1 3226 300
5 3035 98  1 123 1 3054 300
5 930 1  0 5 0 927 300
5 4601 59  0 72 1 4752 300
5 3348 27  0 26 0 3480 350
5 4952 34  0 29 0 5050 350
5 2530 54  0 99 0 2713 350
5 2708 26  0 33 0 2650 350
5 2242 41  0 66 0 2150 350
5 1870 1  0 7 0 1877 350
5 1105 7  0 12 1 1089 350