4 416 496
4 755 858
Mismatch
4 288 358
4 701 876
4 555 660
4 681 787
4 1432 1432
5 1748 1881
5 2172 2176
5 541 541
5 1735 1870
5 1373 1524
5 1648 1650
5 3077 2563
5 2593 2715
5 2086 2214
5 945 1160
5 1120 1256
5 1721 1785
5 3079 3211
5 4237 4391
5 1622 1656
5 1137 1285
5 1597 2540
Mismatch
5 1375 1579
Mismatch
5 2263 2563
5 3318 3472
5 1475 1710
5 1511 1804
5 4464 4608
5 2577 2717
5 3708 3861
Mismatch
5 2323 3609
5 1786 1987
5 640 640
5 2576 2689
5 1340 1454
Mismatch
5 1041 1390
5 714 716
5 1663 1695
5 2541 2699
5 3891 3979
5 1431 1550
5 978 988
5 3866 3900
5 1572 1642
5 1192 1338
5 2055 2197
5 817 922
5 1063 1161
5 1453 1453
5 4182 4332
5 1656 1825
5 1165 1308
5 3854 3985
5 2273 2412
5 1537 1537
5 885 885
5 5445 5668
5 2824 3561
5 604 656
5 560 564
5 4087 4221
5 2143 2257
Mismatch
5 3767 4836
5 1707 1874
5 1713 2529
5 922 1994
5 992 1007
5 977 1065
5 1020 1022
5 3186 3296
5 860 868
5 2028 2042
5 1718 1862
5 1038 1337
5 2259 2287
5 1835 1973
5 2965 3088
5 3224 3226
5 2740 3054
5 919 927
5 4586 4752
5 3414 3480
5 5050 5050
5 2615 2713
5 2602 2650
5 2100 2150
5 1856 1877
5 1015 1089
5 3013 3032
5 2446 2661
5 865 865
5 4389 4591
5 6015 6112
5 967 969
5 1155 1185
5 3766 3843
8 37750 37922
Mismatch
9 53191 74839
9 37917 38143
Mismatch
9 13608 13848
9 56195 56445