5 1701 14  0 16 0 1881 50
5 1977 21  0 2 2 2176 50
4 447 9  2 12 8 496 50
5 541 0  0 9 0 541 50
4 762 9  0 9 1 858 50
4 351 2  1 2 0 358 70
5 1845 18  0 14 0 1870 70
5 1505 32  0 47 0 1524 70
5 1691 33  0 56 1 1650 70
5 3657 48  0 32 0 2563 70
5 2701 63  1 85 0 2715 90
5 2321 49  0 88 1 2214 90
5 911 50  7 46 0 1160 90
5 1171 20  0 47 0 1256 90
5 1699 22  0 37 0 1785 90
10 136898 731  1 1004 0 148079 50
9 71095 765  0 1407 0 73006 50
10 110301 2382  4 662 0 198228 50
10 51325 5185  23 308 3 100551 50
9 27469 1693  5 844 0 74839 50
9 43400 991  1 894 1 48630 70
10 47713 2754  6 1077 3 87509 70
10 307734 10371  110 11541 67 206453 70
9 78677 3412  3 2541 1 106674 70
9 38939 506  1 615 0 38143 70
9 101645 981  2 1012 0 102405 90
10 193630 11091  3 3192 1 430740 90
10 292034 3597  0 5376 0 349963 90
8 32770 140  0 159 1 37922 90
9 11760 79  0 136 0 13848 90
