858 36 4
358 6 4
876 45 4
660 32 4
787 67 4
1432 7 4
1881 48 5
2176 53 5
541 9 5
1870 43 5
1524 100 5
1650 110 5
2563 78 5
2715 190 5
2214 167 5
1160 254 5
1256 113 5
1785 125 5
3211 100 5
4391 203 5
1656 55 5
1285 77 5
2540 229 5
1579 66 5
2563 444 5
3472 283 5
1710 342 5
1804 138 5
4608 581 5
2717 258 5
3861 211 5
3609 346 5
1987 45 5
640 0 5
2689 174 5
1454 51 5
1390 304 5
716 1 5
1695 50 5
2699 313 5
3979 361 5
1550 43 5
988 32 5
3900 68 5
1642 45 5
1338 65 5
2197 52 5
922 35 5
1161 93 5
1453 8 5
4332 428 5
1825 272 5
1308 130 5
3985 122 5
2412 166 5
1537 1 5
885 31 5
5668 205 5
3561 139 5
656 32 5
564 2 5
4221 239 5
2257 94 5
1238 92 5
1131 138 5
1395 21 5
1076 10 5
3921 171 5
2560 97 5
1066 7 5
4836 248 5
1874 80 5
2529 640 5
1994 264 5
1007 58 5
1065 51 5
1022 4 5
3296 229 5
868 12 5
2042 40 5
1862 42 5
1337 193 5
2287 93 5
1973 222 5
3088 251 5
3226 80 5
3054 408 5
927 7 5
4752 171 5
3480 100 5
5050 83 5
2713 217 5
2650 93 5
2150 129 5
1877 9 5
1089 23 5
3032 66 5
2661 225 5
865 1 5
4591 358 5
6112 95 5
969 1 5
1185 32 5
3843 218 5
37922 660 8
