4 804 858
4 383 358
4 906 876
4 659 660
4 798 787
4 1399 1432
5 1767 1881
5 1948 2176
5 541 541
5 1803 1870
5 1432 1524
5 1653 1650
5 3621 3605
5 2779 2715
5 2318 2214
5 893 1160
5 1160 1256
5 1733 1785
5 2884 3211
5 4132 4391
5 1671 1656
5 1310 1285
5 2203 2540
5 1568 1579
5 1004 2563
5 3265 3472
5 1360 1710
5 1883 1804
5 2384 4608
5 2749 2717
5 3449 3861
5 2785 3609
5 1897 1987
5 640 640
5 2790 2689
5 1560 1454
5 1107 1390
5 714 716
5 1704 1695
5 2495 2699
5 4340 3979
5 1665 1550
5 1001 988
5 3927 3900
5 1660 1642
5 1377 1338
5 2112 2197
5 973 922
5 1193 1161
5 1453 1453
5 4553 4332
5 1500 1825
5 1237 1308
5 3997 3985
5 2330 2412
5 1537 1537
5 876 885
5 5516 5668
5 3358 3561
5 674 656
5 560 564
5 4220 4221
5 2280 2257
5 1256 1238
5 1322 1131
5 1369 1395
5 1077 1076
5 3968 3921
5 2691 2560
5 1069 1066
5 4271 4836
5 1978 1874
5 1728 2529
5 1761 1994
5 1000 1007
5 1136 1065
5 1020 1022
5 3050 3296
5 868 868
5 1997 2042
5 1885 1862
5 889 1337
5 2332 2287
5 1970 1973
5 3021 3088
5 3194 3226
5 3129 3054
5 930 927
5 4751 4752
5 3419 3480
5 5364 5050
5 2580 2713
5 2691 2650
5 2260 2150
5 1877 1877
5 1090 1089
5 3318 3032
5 2774 2661
5 865 865
5 3331 4591
5 5945 6112
5 967 969
5 1177 1185
5 3994 3843
8 32855 37922
9 71801 73006
9 25293 74839
9 45537 48630
9 80161 106674
9 38304 38143
9 101960 102405
9 11679 13848
9 87156 97951
9 61621 56445
9 396585 425552
9 352062 429755
9 169411 221352
10 127466 148079
10 110881 198228
10 49683 100551
10 46736 87509
10 308125 326899
10 195113 430740
10 289540 349963
10 145471 411180
10 106788 128351
10 178795 321607
10 83210 87049
10 430144 446721
10 659485 792066
10 685549 716300
10 381001 416066
10 146597 390183
10 135619 125615
10 157988 217607
10 117367 248382
10 659731 730628
10 157500 189851
10 311535 309349
10 137019 175327
10 326323 301636
10 301782 370124
10 72081 77668
10 172085 169197
10 305178 449094
13 1108844 1700541
13 735603 840743
13 2855844 3504606
13 864065 1408106
13 509905 1035834
13 1691235 2172521
13 2257476 2362208
14 2257602 3963500
14 1552015 2239322