4 482 496
4 779 858
4 365 358
4 923 876
4 650 660
4 855 787
4 1427 1432
5 1720 1881
5 1932 2176
5 550 541
5 1825 1870
5 1524 1524
5 1743 1650
5 3748 3605
5 2842 2715
5 2448 2214
5 1047 1160
5 1230 1256
5 2373 1785
5 2790 3211
5 4175 4391
5 1720 1656
5 1352 1285
5 2547 2540
5 1631 1579
5 1212 2563
5 3392 3472
5 1640 1710
5 1880 1804
5 2314 4608
5 2975 2717
5 3444 3861
5 3020 3609
5 2104 1987
5 640 640
5 2937 2689
5 1548 1454
5 1170 1390
5 717 716
5 1769 1695
5 3015 2699
5 4980 3979
5 1683 1550
5 1021 988
5 3970 3900
5 1696 1642
5 1333 1338
5 2122 2197
5 920 922
5 1304 1161
5 1461 1453
5 4863 4332
5 1631 1825
5 1263 1308
5 4112 3985
5 2359 2412
5 1538 1537
5 907 885
5 5686 5668
5 3575 3561
5 707 656
5 566 564
5 4364 4221
5 2312 2257
5 1370 1238
5 1410 1131
5 1354 1395
5 1086 1076
5 3917 3921
5 2815 2560
5 1076 1066
5 4518 4836
5 1997 1874
5 2368 2529
5 1947 1994
5 1055 1007
5 1160 1065
5 1026 1022
5 3473 3296
5 883 868
5 2038 2042
5 1899 1862
5 972 1337
5 2422 2287
5 2079 1973
5 3286 3088
5 3203 3226
5 3071 3054
5 929 927
5 4573 4752
5 3548 3480
5 4969 5050
5 2931 2713
5 2832 2650
5 2336 2150
5 1882 1877
5 1116 1089
5 3299 3032
5 2906 2661
5 866 865
5 3605 4591
5 5759 6112
5 970 969
5 1212 1185
5 5573 3843
8 35574 37922
9 75225 73006
9 27757 74839
9 44983 48630
9 83242 106674
9 39754 38143
9 104450 102405
9 11925 13848
9 79458 97951
9 62201 56445
9 417382 425552
9 362006 429755
9 171291 221352
10 135567 148079
10 117799 198228
10 58223 100551
10 50938 87509
10 263037 326899
10 208767 430740
10 299372 349963
10 164920 411180
10 135248 128351
10 200932 321607
10 84756 87049
10 433070 446721
10 653823 792066
10 705983 716300
10 381867 416066
10 165686 390183
10 142553 125615
10 167685 217607
10 122779 248382
10 230755 207313
10 708076 730628
10 156541 189851
10 361941 309349
10 179497 175327
10 340532 301636
10 299536 370124
10 74719 77668
10 182823 169197
13 1243627 1700541
13 802506 840743
14 2419901 3963500